0
100
1
2
3
4
5
6
7
8
9
10
11
12
13
14
15
16
17
18
19
20
21
22
23
24
25
26
27
28
29
30
31
32
33
34
35
36
37
38
39
40
41
42
43
44
45
46
47
48
49
50
51
52
53
54
55
56
57
58
59
60
61
62
63
64
65
66
67
68
69
70
71
72
73
74
75
76
77
78
79
80
81
82
83
84
85
86
87
88
89
90
91
92
93
94
95
96
97
98
99
100
200
1 15 188
2 66 421
2 67 317
3 87 138
3 97 286
4 1 150
4 45 298
5 24 165
5 42 366
6 32 178
6 50 439
6 61 319
6 79 307
7 12 357
7 64 435
8 39 208
8 58 389
9 79 180
10 82 108
10 90 444
11 5 448
12 11 311
13 11 376
13 3 203
13 78 485
14 55 461
14 89 150
15 12 425
15 47 399
16 45 325
16 5 172
16 70 446
16 93 269
17 36 109
17 42 317
18 29 255
19 53 182
19 68 293
20 55 398
21 70 189
22 2 193
23 8 318
23 99 280
24 40 242
25 71 238
26 78 294
26 94 417
27 20 224
27 93 452
28 58 450
28 92 375
29 36 200
29 68 169
30 77 439
31 44 388
31 88 168
32 17 341
33 29 301
33 83 231
33 93 383
33 97 314
34 11 142
34 79 473
35 24 412
36 20 313
37 42 208
37 87 252
38 26 95
38 34 350
38 56 434
38 70 468
38 83 95
39 71 170
39 78 224
39 79 165
40 10 279
40 46 338
40 64 359
41 38 280
41 98 245
42 23 217
42 25 225
42 4 208
43 38 191
43 87 353
44 92 213
45 26 490
45 32 330
45 62 249
45 78 255
45 82 368
46 83 168
47 99 230
48 70 333
49 1 217
49 55 168
50 4 90
51 17 124
52 32 269
52 33 340
52 36 290
53 68 216
54 11 203
55 59 206
56 71 298
56 80 449
57 40 206
57 52 170
58 15 280
58 7 358
58 82 147
58 83 221
59 28 374
59 70 334
60 1 328
60 2 134
60 25 197
60 88 341
61 25 319
62 67 322
63 61 144
64 51 323
64 68 406
65 26 256
66 18 144
66 45 417
66 70 368
67 92 440
68 76 167
68 87 439
69 28 324
69 41 471
69 81 426
70 35 119
71 17 377
71 41 481
71 79 411
71 84 244
72 37 192
72 53 361
72 58 377
73 30 467
73 78 390
74 46 487
74 73 322
74 94 456
75 15 147
75 16 441
76 21 362
76 95 107
77 14 327
78 43 289
79 87 367
80 49 188
80 6 307
81 31 360
81 55 412
81 59 421
82 15 260
82 3 114
82 95 423
83 76 381
83 97 169
84 60 341
84 65 312
84 97 336
85 75 357
86 42 490
87 17 218
87 21 110
88 27 297
88 32 419
88 5 444
89 62 158
89 66 177
89 98 96
90 70 445
91 7 226
91 88 130
91 92 428
92 50 299
92 6 344
93 19 279
94 13 448
94 19 330
94 57 398
95 10 272
95 12 239
95 23 197
96 58 385
96 6 310
96 73 375
97 13 387
97 29 433
98 35 164
98 77 473
99 39 161
99 70 387
100 16 438
100 60 221